# Profile 0 (actual lower edge)
      -150       155         4
      -150       155         4
      -150       155         4
      -150       155         4
      -150       155         4
      -150       155         4
      -150       155         4
      -150       155         4
      -150       155         4
      -150       155         4
    -121.2      85.4         4
    -121.2        80         4
      -120        70         4
    -117.8        60         4
    -113.7        50         4
    -108.2        40         4
      -100        30         4
       -90      21.5         4
       -80      15.5         4
       -60       6.7         4
       -50       4.2         4
       -30       1.2         4
       -20       0.5         4
       -10       0.3         4
         0         0         4
        10       0.3         4
        20       0.5         4
        30       1.2         4
        50       4.2         4
        60       6.7         4
        80      15.5         4
        90      21.5         4
       100        30         4
     108.2        40         4
     113.7        50         4
     117.8        60         4
       120        70         4
     121.2        80         4
     121.2      85.4         4
       150       155         4
       150       155         4
       150       155         4
       150       155         4
       150       155         4
       150       155         4
       150       155         4
       150       155         4
       150       155         4
       150       155         4

# Profile 1 (Lower Bout)
      -150       155         4
      -150       155         4
      -150       155         4
      -150       155         4
      -150       155         4
      -150       155         4
      -150       155         4
      -150       155         4
      -150       155         4
      -150       155         4
    -121.2      85.4         4
      -120      85.4         4
      -114      85.4         4
      -108      85.4         4
      -100      85.4         4
       -90      85.4      6.16
       -80      85.4      7.98
       -70      85.4      9.44
       -60      85.4     10.81
       -50      85.4      11.8
       -40      85.4      12.9
       -30      85.4      13.6
       -20      85.4      14.1
       -10      85.4     14.45
         0      85.4     14.45
        10      85.4     14.45
        20      85.4      14.1
        30      85.4      13.6
        40      85.4      12.9
        50      85.4      11.8
        60      85.4     10.81
        70      85.4      9.44
        80      85.4      7.98
        90      85.4      6.16
       100      85.4         4
       108      85.4         4
       114      85.4         4
       120      85.4         4
     121.2      85.4         4
       150       155         4
       150       155         4
       150       155         4
       150       155         4
       150       155         4
       150       155         4
       150       155         4
       150       155         4
       150       155         4
       150       155         4

# Profile 2 (Lower Corners)
      -150       155         4
      -150       155         4
    -121.2      85.4         4
      -121        90         4
    -119.9       100         4
    -117.6       110         4
    -114.2       120         4
    -109.8       130         4
    -104.5       140         4
    -100.7       150         4
      -100       155         4
       -90       155         4
       -80       155         4
       -75       155         4
       -70       155      4.65
       -60       155      8.27
       -55       155        10
       -50       155     11.76
       -40       155     14.53
       -35       155     15.79
       -30       155     16.84
       -20       155      18.4
       -15       155      19.1
       -10       155     19.81
         0       155      20.5
        10       155     19.81
        15       155      19.1
        20       155      18.4
        30       155     16.84
        35       155     15.79
        40       155     14.53
        50       155     11.76
        55       155        10
        60       155      8.27
        70       155      4.65
        75       155         4
        80       155         4
        90       155         4
       100       155         4
     100.7       150         4
     104.5       140         4
     109.8       130         4
     114.2       120         4
     117.6       110         4
     119.9       100         4
       121        90         4
     121.2      85.4         4
       150       155         4
       150       155         4

# Profile 3A (Middle Bout)
      -150       190         4
      -150       190         4
      -150       190         4
      -150       190         4
      -150       190         4
      -150       190         4
      -150       190         4
      -150       190         4
      -150       190         4
      -150       190         4
     -61.5     219.5         4
     -61.5     219.5         4
       -60     219.5         4
       -55     219.5         4
       -50     219.5      5.09
       -45     219.5       7.9
       -40     219.5     10.94
       -35     219.5        13
       -30     219.5      15.2
       -25     219.5     16.88
       -20     219.5      18.2
       -15     219.5     19.26
       -10     219.5      19.7
        -5     219.5     20.04
         0     219.5     20.64
         5     219.5     20.04
        10     219.5      19.7
        15     219.5     19.26
        20     219.5      18.2
        25     219.5     16.88
        30     219.5      15.2
        35     219.5        13
        40     219.5     10.94
        45     219.5       7.9
        50     219.5      5.09
        55     219.5         4
        60     219.5         4
      61.5     219.5         4
      61.5     219.5         4
       150       190         4
       150       190         4
       150       190         4
       150       190         4
       150       190         4
       150       190         4
       150       190         4
       150       190         4
       150       190         4
       150       190         4

# Profile 3B (Middle Bout)
      -100       155         4
    -100.4       160         4
    -103.5       170         4
       -95     168.4         4
       -90     168.7         4
       -80     172.1         4
       -70     183.3         4
     -66.5       190         4
     -63.8       200         4
     -62.1       210         4
     -61.5     219.5         4
     -61.5     219.5         4
       -60     219.5         4
       -55     219.5         4
       -50     219.5      5.09
       -45     219.5       7.9
       -40     219.5     10.94
       -35     219.5        13
       -30     219.5      15.2
       -25     219.5     16.88
       -20     219.5      18.2
       -15     219.5     19.26
       -10     219.5      19.7
        -5     219.5     20.04
         0     219.5     20.64
         5     219.5     20.04
        10     219.5      19.7
        15     219.5     19.26
        20     219.5      18.2
        25     219.5     16.88
        30     219.5      15.2
        35     219.5        13
        40     219.5     10.94
        45     219.5       7.9
        50     219.5      5.09
        55     219.5         4
        60     219.5         4
      61.5     219.5         4
      61.5     219.5         4
      62.1       210         4
      63.8       200         4
      66.5       190         4
        70     183.3         4
        80     172.1         4
        90     168.7         4
        95     168.4         4
     103.5       170         4
     100.4       160         4
       100       155         4

# Profile 3C (Middle Bout)
      -150       245         4
      -150       245         4
      -150       245         4
      -150       245         4
      -150       245         4
      -150       245         4
      -150       245         4
      -150       245         4
      -150       245         4
      -150       245         4
     -61.5     219.5         4
     -61.5     219.5         4
       -60     219.5         4
       -55     219.5         4
       -50     219.5      5.09
       -45     219.5       7.9
       -40     219.5     10.94
       -35     219.5        13
       -30     219.5      15.2
       -25     219.5     16.88
       -20     219.5      18.2
       -15     219.5     19.26
       -10     219.5      19.7
        -5     219.5     20.04
         0     219.5     20.64
         5     219.5     20.04
        10     219.5      19.7
        15     219.5     19.26
        20     219.5      18.2
        25     219.5     16.88
        30     219.5      15.2
        35     219.5        13
        40     219.5     10.94
        45     219.5       7.9
        50     219.5      5.09
        55     219.5         4
        60     219.5         4
      61.5     219.5         4
      61.5     219.5         4
       150       245         4
       150       245         4
       150       245         4
       150       245         4
       150       245         4
       150       245         4
       150       245         4
       150       245         4
       150       245         4
       150       245         4

# Profile 4 Upper Corners)
      -150     266.7         4
      -150     266.7         4
     -61.5     219.5         4
     -61.5       220         4
     -63.6       230         4
     -68.9       240         4
     -78.5       250         4
       -85       251         4
     -88.6       250         4
     -86.1       260         4
       -86     266.7         4
       -80     266.7         4
       -70     266.7         4
       -60     266.7      4.95
       -55     266.7         6
       -50     266.7      8.69
       -45     266.7     10.81
       -40     266.7     12.43
       -35     266.7      13.8
       -30     266.7      14.8
       -25     266.7     15.63
       -20     266.7     16.47
       -15     266.7     17.27
       -10     266.7      17.8
         0     266.7     18.19
        10     266.7      17.8
        15     266.7     17.27
        20     266.7     16.47
        25     266.7     15.63
        30     266.7      14.8
        35     266.7      13.8
        40     266.7     12.43
        45     266.7     10.81
        50     266.7      8.69
        55     266.7         6
        60     266.7      4.95
        70     266.7         4
        80     266.7         4
        86     266.7         4
      86.1       260         4
      88.6       250         4
        85       251         4
      78.5       250         4
      68.9       240         4
      63.6       230         4
      61.5       220         4
      61.5     219.5         4
       150     266.7         4
       150     266.7         4

# Profile 5 (Upper Bout)
      -150     266.7         4
      -150     266.7         4
      -150     266.7         4
      -150     266.7         4
       -86     266.7         4
     -86.3       270         4
       -89       280         4
     -92.6       290         4
     -94.8       300         4
     -95.9       310         4
       -96     315.3         4
       -90     315.3         4
       -80     315.3         4
       -75     315.3      4.32
       -70     315.3       5.4
       -60     315.3       7.4
       -55     315.3      8.31
       -50     315.3       9.1
       -40     315.3     10.27
       -35     315.3      10.9
       -30     315.3     11.31
       -20     315.3      12.2
       -15     315.3      12.4
       -10     315.3     12.47
         0     315.3     12.47
        10     315.3     12.47
        15     315.3      12.4
        20     315.3      12.2
        30     315.3     11.31
        35     315.3      10.9
        40     315.3     10.27
        50     315.3       9.1
        55     315.3      8.31
        60     315.3       7.4
        70     315.3       5.4
        75     315.3      4.32
        80     315.3         4
        90     315.3         4
        96     315.3         4
      95.9       310         4
      94.8       300         4
      92.6       290         4
        89       280         4
      86.3       270         4
        86     266.7         4
       150     266.7         4
       150     266.7         4
       150     266.7         4
       150     266.7         4

# Outside Edge Top
      -150     266.7         4
      -150     266.7         4
      -150     266.7         4
      -150     266.7         4
      -150     266.7         4
      -150     266.7         4
      -150     266.7         4
      -150     266.7         4
      -150     266.7         4
      -150     266.7         4
       -96     315.3         4
     -95.7       320         4
     -94.5       330         4
     -91.8       340         4
     -86.4       350         4
     -78.2       360         4
       -70     366.6         4
       -60       373         4
       -50     377.6         4
       -40       381         4
       -30       383         4
       -20     384.4         4
       -10     385.4         4
         0     385.9         4
         0     385.9         4
         0     385.9         4
        10     385.4         4
        20     384.4         4
        30       383         4
        40       381         4
        50     377.6         4
        60       373         4
        70     366.6         4
      78.2       360         4
      86.4       350         4
      91.8       340         4
      94.5       330         4
      95.7       320         4
        96     315.3         4
       150     266.7         4
       150     266.7         4
       150     266.7         4
       150     266.7         4
       150     266.7         4
       150     266.7         4
       150     266.7         4
       150     266.7         4
       150     266.7         4
       150     266.7         4
